Time RateMons NumMons LargestComp 
0.0 -0.0005 158.0 4846.0
2000.0 -0.002 157.0 4856.0
4000.0 -0.0005 153.0 4856.0
6000.0 -0.001 152.0 4860.0
8000.0 -0.0005 150.0 4864.0
10000.0 0.0 149.0 4866.0
12000.0 0.0005 149.0 4866.0
14000.0 0.0 150.0 4864.0
16000.0 0.0005 150.0 4836.0
18000.0 0.0 151.0 4782.0
20000.0 -0.001 151.0 4772.0
22000.0 0.0 149.0 4816.0
24000.0 0.0 149.0 4816.0
26000.0 0.0 149.0 4816.0
28000.0 -0.001 149.0 4816.0
30000.0 0.0 147.0 4820.0
32000.0 0.0 147.0 4812.0
34000.0 0.0005 147.0 4812.0
36000.0 0.0 148.0 4810.0
38000.0 0.0005 148.0 4810.0
40000.0 0.0 149.0 4808.0
42000.0 -0.0005 149.0 4852.0
44000.0 -0.0005 148.0 4858.0
46000.0 -0.0005 147.0 4866.0
48000.0 -0.001 146.0 4880.0
50000.0 0.0 144.0 4882.0
52000.0 0.0 144.0 4882.0
54000.0 0.0005 144.0 4882.0
56000.0 0.0 145.0 4882.0
58000.0 0.0 145.0 4844.0
60000.0 -0.001 145.0 4844.0
62000.0 -0.0005 143.0 4854.0
64000.0 0.0 142.0 4858.0
66000.0 -0.001 142.0 4890.0
68000.0 -0.0015 140.0 4896.0
70000.0 0.0 137.0 4900.0
72000.0 0.0 137.0 4896.0
74000.0 0.001 137.0 4896.0
76000.0 0.001 139.0 4896.0
78000.0 0.0005 141.0 4896.0
80000.0 -0.0005 142.0 4894.0
82000.0 0.0 141.0 4914.0
84000.0 0.0 141.0 4920.0
86000.0 -0.0005 141.0 4928.0
88000.0 -0.0005 140.0 4930.0
90000.0 0.0 139.0 4956.0
92000.0 0.001 139.0 4956.0
94000.0 0.0 141.0 4952.0
96000.0 0.0 141.0 4952.0
98000.0 0.0005 141.0 4864.0
100000.0 -0.0005 142.0 4862.0
102000.0 -0.0005 141.0 4894.0
104000.0 -0.001 140.0 4894.0
106000.0 -0.0005 138.0 4894.0
108000.0 -0.0005 137.0 4896.0
110000.0 0.0 136.0 4898.0
112000.0 0.001 136.0 4894.0
114000.0 0.0005 138.0 4890.0
116000.0 0.0 139.0 4888.0
118000.0 0.0 139.0 4888.0
120000.0 -0.001 139.0 4888.0
122000.0 -0.0005 137.0 4898.0
124000.0 -0.0015 136.0 4900.0
126000.0 0.0 133.0 4998.0
128000.0 -0.0005 133.0 5022.0
130000.0 0.0 132.0 5026.0
132000.0 0.0 132.0 5004.0
134000.0 0.0 132.0 5004.0
136000.0 0.0 132.0 4992.0
138000.0 0.0 132.0 4986.0
140000.0 -0.001 132.0 4986.0
142000.0 -0.0015 130.0 5000.0
144000.0 -0.0025 127.0 5010.0
146000.0 0.0 122.0 5014.0
148000.0 -0.001 122.0 5036.0
150000.0 0.0 120.0 5036.0
152000.0 0.0005 120.0 5036.0
154000.0 0.0 121.0 5034.0
156000.0 0.0 121.0 5034.0
158000.0 0.0 121.0 5034.0
160000.0 -0.0005 121.0 5034.0
162000.0 -0.001 120.0 5046.0
164000.0 0.0 118.0 5076.0
166000.0 0.0 118.0 5076.0
168000.0 -0.001 118.0 5082.0
170000.0 0.0005 116.0 5082.0
172000.0 0.0 117.0 5080.0
174000.0 0.0 117.0 5080.0
176000.0 0.0005 117.0 5080.0
178000.0 0.0 118.0 5078.0
180000.0 -0.0015 118.0 5070.0
182000.0 -0.0005 115.0 5112.0
184000.0 -0.001 114.0 5114.0
186000.0 0.0 112.0 5150.0
188000.0 -0.001 112.0 5150.0
190000.0 0.0005 110.0 5154.0
192000.0 0.0 111.0 5152.0
194000.0 0.0 111.0 5152.0
196000.0 0.0 111.0 5152.0
198000.0 0.0 111.0 5094.0
200000.0 0.0 111.0 5094.0
202000.0 -0.0005 111.0 5094.0
204000.0 0.0 110.0 5096.0
206000.0 -0.001 110.0 5114.0
208000.0 -0.0005 108.0 5114.0
210000.0 0.0005 107.0 5126.0
212000.0 0.0 108.0 5124.0
214000.0 0.0 108.0 5120.0
216000.0 0.0 108.0 5120.0
218000.0 0.0 108.0 5110.0
220000.0 -0.0005 108.0 5110.0
222000.0 -0.0005 107.0 5122.0
224000.0 -0.0015 106.0 5124.0
226000.0 -0.0005 103.0 5126.0
228000.0 0.0 102.0 5130.0
230000.0 0.0005 102.0 5152.0
232000.0 0.0 103.0 5152.0
234000.0 0.0 103.0 5152.0
236000.0 0.0 103.0 5152.0
238000.0 0.0015 103.0 5128.0
240000.0 0.0 106.0 5108.0
242000.0 0.0 106.0 5112.0
244000.0 -0.0005 106.0 5124.0
246000.0 0.0 105.0 5150.0
248000.0 -0.0005 105.0 5150.0
250000.0 0.0 104.0 5152.0
252000.0 0.0 104.0 5128.0
254000.0 0.0 104.0 5128.0
256000.0 0.0 104.0 5128.0
258000.0 0.0005 104.0 5128.0
260000.0 0.0 105.0 5086.0
262000.0 -0.001 105.0 5086.0
264000.0 -0.001 103.0 5088.0
266000.0 0.0 101.0 5106.0
268000.0 0.0 101.0 5106.0
270000.0 0.0005 101.0 5106.0
272000.0 0.0 102.0 5104.0
274000.0 0.0 102.0 5082.0
276000.0 0.0 102.0 5082.0
278000.0 0.0 102.0 5082.0
280000.0 0.0 102.0 5082.0
282000.0 0.0 102.0 5082.0
284000.0 -0.0005 102.0 5082.0
286000.0 0.0 101.0 5084.0
288000.0 -0.001 101.0 5084.0
290000.0 0.0005 99.0 5086.0
292000.0 0.0 100.0 5080.0
294000.0 0.0005 100.0 5080.0
296000.0 0.001 101.0 5078.0
298000.0 0.0 103.0 5070.0
300000.0 0.0 103.0 5050.0
302000.0 0.0 103.0 5106.0
304000.0 0.0 103.0 5148.0
306000.0 0.0 103.0 5154.0
308000.0 -0.0005 103.0 5154.0
310000.0 0.0 102.0 5160.0
312000.0 0.0 102.0 5160.0
314000.0 0.0 102.0 5160.0
316000.0 0.0 102.0 5160.0
318000.0 0.0 102.0 5150.0
320000.0 -0.0005 102.0 5150.0
322000.0 -0.001 101.0 5170.0
324000.0 -0.0005 99.0 5174.0
326000.0 0.0 98.0 5198.0
328000.0 -0.0005 98.0 5198.0
330000.0 0.0005 97.0 5200.0
332000.0 0.0 98.0 5198.0
334000.0 0.0005 98.0 5198.0
336000.0 0.0 99.0 5190.0
338000.0 0.0005 99.0 5190.0
340000.0 -0.0005 100.0 5188.0
342000.0 0.0 99.0 5190.0
344000.0 -0.0005 99.0 5230.0
346000.0 0.0 98.0 5230.0
348000.0 0.0 98.0 5242.0
350000.0 0.0005 98.0 5252.0
352000.0 0.0 99.0 5252.0
354000.0 0.001 99.0 5240.0
356000.0 0.0 101.0 5240.0
358000.0 0.0005 101.0 5232.0
360000.0 -0.0005 102.0 5218.0
362000.0 0.0 101.0 5220.0
364000.0 -0.0015 101.0 5240.0
366000.0 -0.001 98.0 5244.0
368000.0 0.0 96.0 5248.0
370000.0 0.0 96.0 5248.0
372000.0 0.0005 96.0 5248.0
374000.0 0.0 97.0 5246.0
376000.0 0.0 97.0 5246.0
378000.0 0.0 97.0 5246.0
380000.0 -0.001 97.0 5246.0
382000.0 -0.0005 95.0 5254.0
384000.0 0.0 94.0 5254.0
386000.0 -0.0005 94.0 5254.0
388000.0 0.0 93.0 5256.0
390000.0 0.0 93.0 5294.0
392000.0 0.0005 93.0 5294.0
394000.0 0.0005 94.0 5294.0
396000.0 0.0 95.0 5290.0
398000.0 0.0005 95.0 5290.0
400000.0 -0.0005 96.0 5290.0
402000.0 0.0 95.0 5322.0
404000.0 0.0 95.0 5322.0
406000.0 0.0 95.0 5322.0
408000.0 0.0 95.0 5348.0
410000.0 0.0 95.0 5348.0
412000.0 0.0 95.0 5320.0
414000.0 0.0005 95.0 5312.0
416000.0 0.0 96.0 5310.0
418000.0 0.0 96.0 5310.0
420000.0 0.0 96.0 5310.0
422000.0 -0.001 96.0 5310.0
424000.0 -0.001 94.0 5312.0
426000.0 0.0 92.0 5400.0
428000.0 0.0 92.0 5400.0
430000.0 0.0 92.0 5400.0
432000.0 0.0 92.0 5396.0
434000.0 0.0 92.0 5396.0
436000.0 0.0005 92.0 5396.0
438000.0 0.0 93.0 5394.0
440000.0 -0.0005 93.0 5394.0
442000.0 -0.0005 92.0 5422.0
444000.0 0.0 91.0 5424.0
446000.0 0.0 91.0 5440.0
448000.0 -0.0005 91.0 5456.0
450000.0 0.0 90.0 5458.0
452000.0 0.0 90.0 5458.0
454000.0 0.0 90.0 5414.0
456000.0 0.0 90.0 5414.0
458000.0 0.001 90.0 5414.0
460000.0 0.0 92.0 5414.0
462000.0 0.0 92.0 5414.0
464000.0 0.0 92.0 5414.0
466000.0 -0.0005 92.0 5424.0
468000.0 0.0 91.0 5430.0
470000.0 0.0 91.0 5430.0
472000.0 0.0 91.0 5422.0
474000.0 0.0 91.0 5422.0
476000.0 0.0 91.0 5422.0
478000.0 0.0 91.0 5410.0
480000.0 0.0 91.0 5400.0
482000.0 0.0 91.0 5400.0
484000.0 -0.0005 91.0 5400.0
486000.0 0.0 90.0 5410.0
488000.0 0.0 90.0 5414.0
490000.0 0.001 90.0 5418.0
492000.0 0.0 92.0 5398.0
494000.0 0.001 92.0 5398.0
496000.0 0.0 94.0 5396.0
498000.0 0.0 94.0 5396.0
500000.0 0.0 94.0 5396.0
502000.0 -0.001 94.0 5396.0
504000.0 0.0 92.0 5398.0
506000.0 0.0 92.0 5398.0
508000.0 -0.0005 92.0 5398.0
510000.0 0.0 91.0 5398.0
512000.0 0.0 91.0 5398.0
514000.0 0.0 91.0 5398.0
516000.0 0.0 91.0 5398.0
518000.0 0.0 91.0 5392.0
520000.0 -0.001 91.0 5392.0
522000.0 0.0 89.0 5396.0
524000.0 0.0 89.0 5396.0
526000.0 0.0 89.0 5396.0
528000.0 0.0 89.0 5396.0
530000.0 0.0 89.0 5396.0
532000.0 0.0 89.0 5396.0
534000.0 0.0 89.0 5396.0
536000.0 0.0005 89.0 5392.0
538000.0 0.0 90.0 5356.0
540000.0 0.0 90.0 5324.0
542000.0 0.0 90.0 5334.0
544000.0 0.0 90.0 5334.0
546000.0 0.0 90.0 5334.0
548000.0 -0.0005 90.0 5338.0
550000.0 0.0005 89.0 5362.0
552000.0 0.0 90.0 5360.0
554000.0 0.0 90.0 5360.0
556000.0 0.0 90.0 5360.0
558000.0 0.0005 90.0 5360.0
560000.0 -0.0005 91.0 5358.0
562000.0 -0.001 90.0 5386.0
564000.0 -0.0005 88.0 5396.0
566000.0 0.0 87.0 5402.0
568000.0 -0.0005 87.0 5402.0
570000.0 0.0005 86.0 5408.0
572000.0 0.0 87.0 5404.0
574000.0 0.0 87.0 5404.0
576000.0 0.0 87.0 5404.0
578000.0 0.0 87.0 5398.0
580000.0 0.0 87.0 5398.0
582000.0 0.0 87.0 5402.0
584000.0 0.0 87.0 5402.0
586000.0 0.0 87.0 5402.0
588000.0 0.0 87.0 5420.0
590000.0 0.0 87.0 5420.0
592000.0 0.0 87.0 5420.0
594000.0 0.0005 87.0 5420.0
596000.0 0.0 88.0 5418.0
598000.0 0.0 88.0 5418.0
600000.0 0.0 88.0 5338.0
602000.0 0.0 88.0 5338.0
604000.0 0.0 88.0 5338.0
606000.0 -0.0005 88.0 5342.0
608000.0 0.0 87.0 5342.0
610000.0 0.0 87.0 5346.0
612000.0 0.0015 87.0 5346.0
614000.0 0.0 90.0 5346.0
616000.0 0.0 90.0 5346.0
618000.0 0.0 90.0 5346.0
620000.0 0.0 90.0 5346.0
622000.0 0.0 90.0 5350.0
624000.0 0.0 90.0 5356.0
626000.0 0.0 90.0 5356.0
628000.0 0.0 90.0 5356.0
630000.0 0.0 90.0 5356.0
632000.0 0.0 90.0 5356.0
634000.0 0.0005 90.0 5356.0
636000.0 0.0 91.0 5354.0
638000.0 0.001 91.0 5354.0
640000.0 -0.001 93.0 5350.0
642000.0 0.0 91.0 5360.0
644000.0 0.0 91.0 5440.0
646000.0 -0.0005 91.0 5454.0
648000.0 -0.001 90.0 5460.0
650000.0 0.0 88.0 5460.0
652000.0 0.0 88.0 5434.0
654000.0 0.0 88.0 5434.0
656000.0 0.0005 88.0 5434.0
658000.0 0.0 89.0 5432.0
660000.0 0.0 89.0 5432.0
662000.0 -0.0005 89.0 5446.0
664000.0 -0.0005 88.0 5448.0
666000.0 0.0 87.0 5470.0
668000.0 -0.0005 87.0 5470.0
670000.0 0.0 86.0 5470.0
672000.0 0.0 86.0 5470.0
674000.0 0.0005 86.0 5470.0
676000.0 0.001 87.0 5464.0
678000.0 0.0 89.0 5460.0
680000.0 -0.0005 89.0 5460.0
682000.0 0.0 88.0 5482.0
684000.0 0.0 88.0 5482.0
686000.0 -0.0005 88.0 5482.0
688000.0 0.0 87.0 5484.0
690000.0 0.0 87.0 5484.0
692000.0 0.0005 87.0 5484.0
694000.0 0.0005 88.0 5474.0
696000.0 0.0 89.0 5472.0
698000.0 0.0 89.0 5472.0
700000.0 -0.0005 89.0 5472.0
702000.0 0.0 88.0 5478.0
704000.0 -0.0005 88.0 5478.0
706000.0 -0.0005 87.0 5480.0
708000.0 -0.0005 86.0 5482.0
710000.0 0.0 85.0 5484.0
712000.0 0.0 85.0 5484.0
714000.0 0.0005 85.0 5484.0
716000.0 0.0 86.0 5482.0
718000.0 0.0 86.0 5482.0
720000.0 0.0 86.0 5482.0
722000.0 -0.001 86.0 5482.0
724000.0 0.0 84.0 5492.0
726000.0 0.0 84.0 5492.0
728000.0 0.0 84.0 5492.0
730000.0 0.0 84.0 5492.0
732000.0 0.0005 84.0 5480.0
734000.0 0.0 85.0 5480.0
736000.0 0.0 85.0 5472.0
738000.0 0.001 85.0 5472.0
740000.0 -0.0005 87.0 5468.0
742000.0 0.0 86.0 5468.0
744000.0 0.0 86.0 5474.0
746000.0 0.0 86.0 5474.0
748000.0 -0.0005 86.0 5474.0
750000.0 0.0 85.0 5476.0
752000.0 0.0 85.0 5476.0
754000.0 0.0005 85.0 5476.0
756000.0 0.0 86.0 5476.0
758000.0 0.0 86.0 5476.0
760000.0 0.0 86.0 5476.0
762000.0 -0.0005 86.0 5480.0
764000.0 0.0 85.0 5492.0
766000.0 0.0 85.0 5492.0
768000.0 -0.0005 85.0 5492.0
770000.0 0.0 84.0 5494.0
772000.0 0.0005 84.0 5488.0
774000.0 0.0 85.0 5486.0
776000.0 0.0 85.0 5486.0
778000.0 0.0005 85.0 5486.0
780000.0 0.0 86.0 5484.0
782000.0 -0.0015 86.0 5484.0
784000.0 -0.001 83.0 5490.0
786000.0 -0.0005 81.0 5492.0
788000.0 0.0 80.0 5506.0
790000.0 0.0 80.0 5506.0
792000.0 0.0005 80.0 5506.0
794000.0 0.001 81.0 5504.0
796000.0 0.0 83.0 5492.0
798000.0 0.001 83.0 5492.0
800000.0 -0.0005 85.0 5490.0
802000.0 0.0 84.0 5492.0
804000.0 -0.0005 84.0 5492.0
806000.0 0.0 83.0 5494.0
808000.0 0.0 83.0 5500.0
810000.0 0.0 83.0 5500.0
812000.0 0.0005 83.0 5500.0
814000.0 0.0 84.0 5498.0
816000.0 0.0 84.0 5498.0
818000.0 0.0 84.0 5498.0
820000.0 -0.001 84.0 5498.0
822000.0 -0.0005 82.0 5502.0
824000.0 -0.0005 81.0 5504.0
826000.0 0.0 80.0 5506.0
828000.0 0.0 80.0 5506.0
830000.0 0.0 80.0 5506.0
832000.0 0.0 80.0 5502.0
834000.0 0.0 80.0 5502.0
836000.0 0.0005 80.0 5502.0
838000.0 0.0005 81.0 5500.0
840000.0 0.0 82.0 5498.0
842000.0 -0.0015 82.0 5498.0
844000.0 0.0 79.0 5500.0
846000.0 0.0 79.0 5544.0
848000.0 -0.0005 79.0 5544.0
850000.0 0.0005 78.0 5546.0
852000.0 0.0 79.0 5536.0
854000.0 0.0 79.0 5536.0
856000.0 0.0005 79.0 5536.0
858000.0 0.0 80.0 5518.0
860000.0 0.0 80.0 5518.0
862000.0 -0.0005 80.0 5518.0
864000.0 -0.0005 79.0 5524.0
866000.0 0.0 78.0 5526.0
868000.0 -0.0005 78.0 5526.0
870000.0 0.0 77.0 5528.0
872000.0 0.0 77.0 5528.0
874000.0 0.0 77.0 5528.0
876000.0 0.0 77.0 5528.0
878000.0 0.0005 77.0 5528.0
880000.0 -0.0005 78.0 5526.0
882000.0 -0.0005 77.0 5528.0
884000.0 -0.0005 76.0 5534.0
886000.0 0.0 75.0 5562.0
888000.0 0.0 75.0 5562.0
890000.0 0.0 75.0 5572.0
892000.0 0.0 75.0 5572.0
894000.0 0.001 75.0 5572.0
896000.0 0.0 77.0 5570.0
898000.0 0.0 77.0 5570.0
900000.0 -0.0005 77.0 5552.0
902000.0 0.0 76.0 5554.0
904000.0 0.0 76.0 5554.0
906000.0 -0.0005 76.0 5594.0
908000.0 -0.0005 75.0 5596.0
910000.0 0.0 74.0 5598.0
912000.0 0.0 74.0 5592.0
914000.0 0.0 74.0 5592.0
916000.0 0.0 74.0 5592.0
918000.0 0.0 74.0 5592.0
920000.0 0.0 74.0 5592.0
922000.0 -0.001 74.0 5598.0
924000.0 0.0 72.0 5602.0
926000.0 -0.0005 72.0 5602.0
928000.0 0.0 71.0 5604.0
930000.0 0.0 71.0 5632.0
932000.0 0.0 71.0 5632.0
934000.0 0.0005 71.0 5616.0
936000.0 0.0 72.0 5614.0
938000.0 0.0 72.0 5600.0
940000.0 0.0 72.0 5542.0
942000.0 0.0 72.0 5542.0
944000.0 -0.0005 72.0 5542.0
946000.0 0.0 71.0 5548.0
948000.0 -0.0005 71.0 5548.0
950000.0 0.0 70.0 5550.0
952000.0 0.0 70.0 5550.0
954000.0 0.001 70.0 5550.0
956000.0 0.0 72.0 5550.0
958000.0 0.0 72.0 5550.0
960000.0 0.0 72.0 5540.0
962000.0 0.0 72.0 5540.0
964000.0 -0.0005 72.0 5540.0
966000.0 0.0 71.0 5542.0
968000.0 0.0 71.0 5542.0
970000.0 0.0 71.0 5542.0
972000.0 0.0 71.0 5522.0
974000.0 0.0 71.0 5522.0
976000.0 0.0 71.0 5522.0
978000.0 0.0 71.0 5518.0
980000.0 0.0 71.0 5506.0
982000.0 0.0 71.0 5506.0
984000.0 -0.0005 71.0 5510.0
986000.0 0.0 70.0 5524.0
988000.0 0.0 70.0 5524.0
990000.0 0.0 70.0 5524.0
992000.0 0.0 70.0 5524.0
994000.0 0.0 70.0 5524.0
996000.0 0.0 70.0 5524.0
998000.0 0.0 70.0 5502.0
1000000.0 0.0 70.0 5502.0
1002000.0 0.0 70.0 5502.0
1004000.0 -0.0015 70.0 5502.0
1006000.0 -0.0005 67.0 5514.0
1008000.0 0.0 66.0 5516.0
1010000.0 0.0 66.0 5516.0
1012000.0 0.0005 66.0 5516.0
1014000.0 0.0 67.0 5516.0
1016000.0 0.0005 67.0 5516.0
1018000.0 0.0 68.0 5508.0
1020000.0 0.0 68.0 5508.0
1022000.0 0.0 68.0 5508.0
1024000.0 0.0 68.0 5518.0
1026000.0 -0.0005 68.0 5518.0
1028000.0 0.0 67.0 5524.0
1030000.0 0.0 67.0 5524.0
1032000.0 0.0 67.0 5514.0
1034000.0 0.0 67.0 5514.0
1036000.0 0.0 67.0 5476.0
1038000.0 0.0 67.0 5476.0
1040000.0 0.0 67.0 5456.0
1042000.0 0.0 67.0 5456.0
1044000.0 0.0 67.0 5464.0
1046000.0 -0.0005 67.0 5506.0
1048000.0 0.0 66.0 5508.0
1050000.0 0.0 66.0 5508.0
1052000.0 0.0005 66.0 5508.0
1054000.0 0.0 67.0 5506.0
1056000.0 0.0 67.0 5506.0
1058000.0 0.0 67.0 5506.0
1060000.0 0.0 67.0 5506.0
1062000.0 0.0 67.0 5516.0
1064000.0 0.0 67.0 5516.0
1066000.0 0.0 67.0 5516.0
1068000.0 0.0 67.0 5516.0
1070000.0 0.0 67.0 5516.0
1072000.0 0.0 67.0 5516.0
1074000.0 0.0 67.0 5516.0
1076000.0 0.0 67.0 5510.0
1078000.0 0.0 67.0 5510.0
1080000.0 0.0 67.0 5510.0
1082000.0 0.0 67.0 5510.0
1084000.0 0.0 67.0 5510.0
1086000.0 0.0 67.0 5510.0
1088000.0 0.0 67.0 5510.0
1090000.0 0.0 67.0 5518.0
1092000.0 0.0 67.0 5484.0
1094000.0 0.0 67.0 5468.0
1096000.0 0.0 67.0 5452.0
1098000.0 0.0 67.0 5452.0
1100000.0 -0.0005 67.0 5448.0
1102000.0 0.0 66.0 5450.0
1104000.0 0.0 66.0 5464.0
1106000.0 0.0 66.0 5464.0
1108000.0 -0.0005 66.0 5464.0
1110000.0 0.0 65.0 5466.0
1112000.0 0.0 65.0 5462.0
1114000.0 0.0 65.0 5462.0
1116000.0 0.0 65.0 5462.0
1118000.0 0.0 65.0 5458.0
1120000.0 0.0 65.0 5458.0
1122000.0 -0.0005 65.0 5462.0
1124000.0 0.0 64.0 5464.0
1126000.0 0.0 64.0 5464.0
1128000.0 0.0 64.0 5474.0
1130000.0 0.0 64.0 5490.0
1132000.0 0.001 64.0 5486.0
1134000.0 0.0 66.0 5486.0
1136000.0 0.0 66.0 5486.0
1138000.0 0.0005 66.0 5486.0
1140000.0 -0.0005 67.0 5484.0
1142000.0 0.0 66.0 5486.0
1144000.0 0.0 66.0 5506.0
1146000.0 0.0 66.0 5518.0
1148000.0 0.0 66.0 5522.0
1150000.0 0.0 66.0 5522.0
1152000.0 0.001 66.0 5522.0
1154000.0 0.0 68.0 5522.0
1156000.0 0.0 68.0 5522.0
1158000.0 0.0005 68.0 5522.0
1160000.0 0.0 69.0 5520.0
1162000.0 0.0 69.0 5526.0
1164000.0 -0.0015 69.0 5526.0
1166000.0 0.0 66.0 5530.0
1168000.0 -0.001 66.0 5530.0
1170000.0 0.0 64.0 5534.0
1172000.0 0.0 64.0 5534.0
1174000.0 0.0 64.0 5534.0
1176000.0 0.0005 64.0 5534.0
1178000.0 0.0 65.0 5532.0
1180000.0 0.0 65.0 5526.0
1182000.0 -0.0005 65.0 5526.0
1184000.0 -0.0005 64.0 5606.0
1186000.0 0.0 63.0 5616.0
1188000.0 -0.0005 63.0 5616.0
1190000.0 0.0 62.0 5618.0
1192000.0 0.0 62.0 5618.0
1194000.0 0.0005 62.0 5582.0
1196000.0 0.0 63.0 5582.0
1198000.0 0.0 63.0 5582.0
1200000.0 0.0 63.0 5582.0
1202000.0 0.0 63.0 5582.0
1204000.0 0.0 63.0 5598.0
1206000.0 0.0 63.0 5598.0
1208000.0 0.0 63.0 5598.0
1210000.0 0.0 63.0 5598.0
1212000.0 0.0 63.0 5598.0
1214000.0 0.0 63.0 5598.0
1216000.0 0.0 63.0 5598.0
1218000.0 0.0005 63.0 5598.0
1220000.0 0.0 64.0 5596.0
1222000.0 -0.0005 64.0 5596.0
1224000.0 -0.0005 63.0 5598.0
1226000.0 0.0 62.0 5600.0
1228000.0 -0.0005 62.0 5634.0
1230000.0 0.0 61.0 5658.0
1232000.0 0.0 61.0 5658.0
1234000.0 0.0 61.0 5658.0
1236000.0 0.0 61.0 5652.0
1238000.0 0.0 61.0 5652.0
1240000.0 0.0 61.0 5652.0
1242000.0 -0.0005 61.0 5652.0
1244000.0 0.0 60.0 5652.0
1246000.0 0.0 60.0 5652.0
1248000.0 -0.0005 60.0 5652.0
1250000.0 0.0 59.0 5654.0
1252000.0 0.0 59.0 5654.0
1254000.0 0.0 59.0 5654.0
1256000.0 0.0 59.0 5654.0
1258000.0 0.0 59.0 5654.0
1260000.0 -0.001 59.0 5654.0
1262000.0 0.0 57.0 5656.0
1264000.0 -0.0005 57.0 5656.0
1266000.0 0.0 56.0 5656.0
1268000.0 0.0 56.0 5656.0
1270000.0 0.0 56.0 5656.0
1272000.0 0.0 56.0 5656.0
1274000.0 0.0 56.0 5656.0
1276000.0 0.0005 56.0 5656.0
1278000.0 0.0 57.0 5654.0
1280000.0 0.0 57.0 5654.0
1282000.0 -0.0005 57.0 5654.0
1284000.0 0.0 56.0 5656.0
1286000.0 0.0 56.0 5718.0
1288000.0 0.0 56.0 5718.0
1290000.0 0.0005 56.0 5718.0
1292000.0 0.0 57.0 5716.0
1294000.0 0.0 57.0 5716.0
1296000.0 0.0005 57.0 5716.0
1298000.0 0.0 58.0 5714.0
1300000.0 0.0 58.0 5676.0
1302000.0 0.0 58.0 5676.0
1304000.0 0.0 58.0 5676.0
1306000.0 0.0 58.0 5676.0
1308000.0 0.0 58.0 5684.0
1310000.0 0.0 58.0 5684.0
1312000.0 0.0 58.0 5684.0
1314000.0 0.0 58.0 5684.0
1316000.0 0.0005 58.0 5684.0
1318000.0 0.0 59.0 5684.0
1320000.0 0.0 59.0 5684.0
1322000.0 0.0 59.0 5684.0
1324000.0 -0.0005 59.0 5684.0
1326000.0 0.0 58.0 5684.0
1328000.0 0.0 58.0 5684.0
1330000.0 0.0 58.0 5692.0
1332000.0 0.0 58.0 5684.0
1334000.0 0.0 58.0 5684.0
1336000.0 0.0005 58.0 5684.0
1338000.0 0.0005 59.0 5682.0
1340000.0 0.0 60.0 5664.0
1342000.0 -0.0005 60.0 5674.0
1344000.0 0.0 59.0 5676.0
1346000.0 0.0 59.0 5676.0
1348000.0 0.0 59.0 5676.0
1350000.0 0.0 59.0 5676.0
1352000.0 0.0005 59.0 5676.0
1354000.0 0.0 60.0 5676.0
1356000.0 0.0 60.0 5668.0
1358000.0 0.0 60.0 5660.0
1360000.0 0.0 60.0 5660.0
1362000.0 -0.0005 60.0 5660.0
1364000.0 -0.0005 59.0 5662.0
1366000.0 0.0 58.0 5672.0
1368000.0 0.0 58.0 5672.0
1370000.0 0.0 58.0 5672.0
1372000.0 0.0 58.0 5672.0
1374000.0 0.001 58.0 5638.0
1376000.0 0.0005 60.0 5634.0
1378000.0 0.0 61.0 5624.0
1380000.0 -0.0005 61.0 5624.0
1382000.0 0.0 60.0 5634.0
1384000.0 -0.0005 60.0 5652.0
1386000.0 0.0 59.0 5654.0
1388000.0 0.0 59.0 5670.0
1390000.0 0.0 59.0 5670.0
1392000.0 0.0 59.0 5662.0
1394000.0 0.001 59.0 5652.0
1396000.0 0.0 61.0 5648.0
1398000.0 0.0 61.0 5648.0
1400000.0 0.0 61.0 5648.0
1402000.0 -0.0005 61.0 5648.0
1404000.0 -0.0005 60.0 5652.0
1406000.0 0.0 59.0 5678.0
1408000.0 -0.0005 59.0 5678.0
1410000.0 0.0 58.0 5680.0
1412000.0 0.0 58.0 5624.0
1414000.0 0.0 58.0 5624.0
1416000.0 0.001 58.0 5624.0
1418000.0 0.0 60.0 5620.0
1420000.0 0.0 60.0 5620.0
1422000.0 0.0 60.0 5620.0
1424000.0 -0.0005 60.0 5620.0
1426000.0 0.0 59.0 5620.0
1428000.0 -0.001 59.0 5620.0
1430000.0 0.0 57.0 5620.0
1432000.0 0.0 57.0 5620.0
1434000.0 0.0 57.0 5620.0
1436000.0 0.0 57.0 5612.0
1438000.0 0.0 57.0 5612.0
1440000.0 0.0 57.0 5612.0
1442000.0 0.0 57.0 5620.0
1444000.0 0.0 57.0 5620.0
1446000.0 0.0 57.0 5620.0
1448000.0 0.0 57.0 5620.0
1450000.0 0.0 57.0 5620.0
1452000.0 0.0 57.0 5620.0
1454000.0 0.0 57.0 5620.0
1456000.0 0.0 57.0 5620.0
1458000.0 0.0 57.0 5620.0
1460000.0 0.0 57.0 5620.0
1462000.0 0.0 57.0 5628.0
1464000.0 0.0 57.0 5636.0
1466000.0 0.0 57.0 5636.0
1468000.0 0.0 57.0 5636.0
1470000.0 0.0 57.0 5636.0
1472000.0 0.0 57.0 5636.0
1474000.0 0.0005 57.0 5622.0
1476000.0 0.001 58.0 5622.0
1478000.0 0.0 60.0 5618.0
1480000.0 0.0 60.0 5618.0
1482000.0 0.0 60.0 5618.0
1484000.0 0.0 60.0 5626.0
1486000.0 0.0 60.0 5626.0
1488000.0 0.0 60.0 5626.0
1490000.0 0.0 60.0 5660.0
1492000.0 0.0 60.0 5660.0
1494000.0 0.0 60.0 5628.0
1496000.0 0.0005 60.0 5628.0
1498000.0 0.0 61.0 5626.0
1500000.0 0.0 61.0 5626.0
1502000.0 0.0 61.0 5626.0
1504000.0 0.0 61.0 5644.0
1506000.0 0.0 61.0 5644.0
1508000.0 -0.0005 61.0 5644.0
1510000.0 0.0 60.0 5654.0
1512000.0 0.0 60.0 5654.0
1514000.0 0.0 60.0 5654.0
1516000.0 0.0005 60.0 5654.0
1518000.0 0.0 61.0 5652.0
1520000.0 -0.0005 61.0 5646.0
1522000.0 0.0 60.0 5648.0
1524000.0 0.0 60.0 5648.0
1526000.0 0.0 60.0 5648.0
1528000.0 0.0 60.0 5648.0
1530000.0 0.0 60.0 5648.0
1532000.0 0.0 60.0 5648.0
1534000.0 0.0 60.0 5648.0
1536000.0 0.0 60.0 5648.0
1538000.0 0.0 60.0 5640.0
1540000.0 0.0 60.0 5640.0
1542000.0 0.0 60.0 5640.0
1544000.0 0.0 60.0 5640.0
1546000.0 0.0 60.0 5648.0
1548000.0 0.0 60.0 5648.0
1550000.0 0.001 60.0 5648.0
1552000.0 0.0005 62.0 5648.0
1554000.0 0.0 63.0 5646.0
1556000.0 0.0 63.0 5646.0
1558000.0 0.0 63.0 5646.0
1560000.0 0.0 63.0 5646.0
1562000.0 0.0 63.0 5646.0
1564000.0 0.0 63.0 5646.0
1566000.0 -0.0005 63.0 5646.0
1568000.0 0.0 62.0 5662.0
1570000.0 0.0 62.0 5662.0
1572000.0 0.0 62.0 5662.0
1574000.0 0.0 62.0 5662.0
1576000.0 0.0 62.0 5662.0
1578000.0 0.0005 62.0 5654.0
1580000.0 -0.0005 63.0 5652.0
1582000.0 -0.0005 62.0 5652.0
1584000.0 0.0 61.0 5662.0
1586000.0 0.0 61.0 5662.0
1588000.0 0.0 61.0 5670.0
1590000.0 0.0 61.0 5670.0
1592000.0 0.0 61.0 5670.0
1594000.0 0.0 61.0 5670.0
1596000.0 0.0 61.0 5670.0
1598000.0 0.0 61.0 5670.0
1600000.0 0.0 61.0 5656.0
1602000.0 0.0 61.0 5656.0
1604000.0 0.0 61.0 5656.0
1606000.0 0.0 61.0 5656.0
1608000.0 -0.0005 61.0 5656.0
1610000.0 0.0 60.0 5658.0
1612000.0 0.0 60.0 5652.0
1614000.0 0.0005 60.0 5652.0
1616000.0 0.0 61.0 5650.0
1618000.0 0.0 61.0 5650.0
1620000.0 -0.001 61.0 5650.0
1622000.0 0.0 59.0 5654.0
1624000.0 0.0 59.0 5654.0
1626000.0 0.0 59.0 5658.0
1628000.0 0.0 59.0 5658.0
1630000.0 0.0005 59.0 5714.0
1632000.0 0.0 60.0 5712.0
1634000.0 0.0 60.0 5712.0
1636000.0 0.0 60.0 5712.0
1638000.0 0.0005 60.0 5712.0
1640000.0 0.0 61.0 5700.0
1642000.0 0.0 61.0 5710.0
1644000.0 0.0 61.0 5718.0
1646000.0 0.0 61.0 5718.0
1648000.0 -0.0005 61.0 5750.0
1650000.0 0.0 60.0 5752.0
1652000.0 0.0 60.0 5752.0
1654000.0 0.0 60.0 5748.0
1656000.0 0.0 60.0 5748.0
1658000.0 0.0 60.0 5748.0
1660000.0 0.0 60.0 5748.0
1662000.0 -0.001 60.0 5748.0
1664000.0 -0.0005 58.0 5750.0
1666000.0 0.0 57.0 5752.0
1668000.0 0.0 57.0 5752.0
1670000.0 0.0005 57.0 5752.0
1672000.0 0.0 58.0 5750.0
1674000.0 0.0 58.0 5750.0
1676000.0 0.0005 58.0 5750.0
1678000.0 0.0 59.0 5748.0
1680000.0 0.0 59.0 5748.0
1682000.0 0.0 59.0 5748.0
1684000.0 -0.0005 59.0 5754.0
1686000.0 0.0 58.0 5754.0
1688000.0 0.0 58.0 5754.0
1690000.0 0.0 58.0 5754.0
1692000.0 0.0 58.0 5750.0
1694000.0 0.0 58.0 5750.0
1696000.0 0.0 58.0 5750.0
1698000.0 0.0 58.0 5738.0
1700000.0 0.0 58.0 5738.0
1702000.0 0.0 58.0 5738.0
1704000.0 -0.0005 58.0 5738.0
1706000.0 0.0 57.0 5740.0
1708000.0 -0.0005 57.0 5744.0
1710000.0 0.0 56.0 5746.0
1712000.0 0.0 56.0 5746.0
1714000.0 0.0 56.0 5738.0
1716000.0 0.0 56.0 5738.0
1718000.0 0.0 56.0 5738.0
1720000.0 0.0 56.0 5738.0
1722000.0 -0.0005 56.0 5738.0
1724000.0 0.0 55.0 5740.0
1726000.0 0.0 55.0 5740.0
1728000.0 0.0 55.0 5740.0
1730000.0 0.0 55.0 5740.0
1732000.0 0.0 55.0 5740.0
1734000.0 0.0005 55.0 5740.0
1736000.0 0.0 56.0 5738.0
1738000.0 0.0 56.0 5738.0
1740000.0 0.0 56.0 5738.0
1742000.0 -0.0005 56.0 5738.0
1744000.0 0.0 55.0 5740.0
1746000.0 0.0 55.0 5740.0
1748000.0 0.0 55.0 5740.0
1750000.0 0.0 55.0 5740.0
1752000.0 0.0 55.0 5740.0
1754000.0 0.0 55.0 5740.0
1756000.0 0.0 55.0 5740.0
1758000.0 0.0 55.0 5740.0
1760000.0 0.0 55.0 5740.0
1762000.0 -0.0005 55.0 5740.0
1764000.0 0.0 54.0 5742.0
1766000.0 0.0 54.0 5742.0
1768000.0 0.0 54.0 5742.0
1770000.0 0.0 54.0 5742.0
1772000.0 0.0 54.0 5742.0
1774000.0 0.0 54.0 5742.0
1776000.0 0.0 54.0 5742.0
1778000.0 0.0 54.0 5742.0
1780000.0 0.0 54.0 5742.0
1782000.0 0.0 54.0 5742.0
1784000.0 0.0 54.0 5752.0
1786000.0 0.0 54.0 5752.0
1788000.0 0.0 54.0 5752.0
1790000.0 0.0 54.0 5752.0
1792000.0 0.001 54.0 5752.0
1794000.0 0.001 56.0 5752.0
1796000.0 0.0 58.0 5748.0
1798000.0 0.0 58.0 5748.0
1800000.0 0.0 58.0 5748.0
1802000.0 -0.0005 58.0 5748.0
1804000.0 0.0 57.0 5754.0
1806000.0 0.0 57.0 5754.0
1808000.0 0.0 57.0 5758.0
1810000.0 0.0 57.0 5758.0
1812000.0 0.0 57.0 5758.0
1814000.0 0.0 57.0 5758.0
1816000.0 0.0 57.0 5758.0
1818000.0 0.0 57.0 5758.0
1820000.0 0.0 57.0 5758.0
1822000.0 0.0 57.0 5758.0
1824000.0 0.0 57.0 5774.0
1826000.0 0.0 57.0 5774.0
1828000.0 0.0 57.0 5774.0
1830000.0 0.0 57.0 5774.0
1832000.0 0.0 57.0 5768.0
1834000.0 0.001 57.0 5768.0
1836000.0 0.0 59.0 5768.0
1838000.0 0.0015 59.0 5768.0
1840000.0 -0.0005 62.0 5766.0
1842000.0 -0.0005 61.0 5766.0
1844000.0 0.0 60.0 5768.0
1846000.0 0.0 60.0 5768.0
1848000.0 0.0 60.0 5768.0
1850000.0 0.0 60.0 5768.0
1852000.0 0.0 60.0 5762.0
1854000.0 0.0 60.0 5762.0
1856000.0 0.0 60.0 5762.0
1858000.0 0.0 60.0 5762.0
1860000.0 0.0 60.0 5750.0
1862000.0 0.0 60.0 5750.0
1864000.0 0.0 60.0 5750.0
1866000.0 0.0 60.0 5762.0
1868000.0 0.0 60.0 5762.0
1870000.0 0.0 60.0 5762.0
1872000.0 0.0 60.0 5748.0
1874000.0 0.0 60.0 5748.0
1876000.0 0.001 60.0 5748.0
1878000.0 0.0005 62.0 5746.0
1880000.0 0.0 63.0 5744.0
1882000.0 0.0 63.0 5744.0
1884000.0 0.0 63.0 5744.0
1886000.0 0.0 63.0 5744.0
1888000.0 0.0 63.0 5750.0
1890000.0 0.0 63.0 5750.0
1892000.0 0.0 63.0 5750.0
1894000.0 0.0 63.0 5750.0
1896000.0 0.0 63.0 5750.0
1898000.0 0.0 63.0 5750.0
1900000.0 0.0 63.0 5750.0
1902000.0 -0.0005 63.0 5750.0
1904000.0 0.0 62.0 5762.0
1906000.0 0.0 62.0 5762.0
1908000.0 0.0 62.0 5762.0
1910000.0 0.0 62.0 5762.0
1912000.0 0.0 62.0 5762.0
1914000.0 0.0 62.0 5762.0
1916000.0 0.0 62.0 5762.0
1918000.0 0.0 62.0 5762.0
1920000.0 0.0 62.0 5762.0
1922000.0 -0.0005 62.0 5762.0
1924000.0 0.0 61.0 5764.0
1926000.0 0.0 61.0 5796.0
1928000.0 0.0 61.0 5796.0
1930000.0 0.0 61.0 5796.0
1932000.0 0.0 61.0 5796.0
1934000.0 0.0 61.0 5796.0
1936000.0 0.0 61.0 5796.0
1938000.0 0.0005 61.0 5796.0
1940000.0 0.0 62.0 5794.0
1942000.0 0.0 62.0 5794.0
1944000.0 0.0 62.0 5794.0
1946000.0 0.0 62.0 5794.0
1948000.0 0.0 62.0 5794.0
1950000.0 0.0 62.0 5806.0
1952000.0 0.0 62.0 5806.0
1954000.0 0.0 62.0 5806.0
1956000.0 0.001 62.0 5798.0
1958000.0 0.0 64.0 5794.0
1960000.0 0.0 64.0 5794.0
1962000.0 0.0 64.0 5794.0
1964000.0 0.0 64.0 5794.0
1966000.0 0.0 64.0 5794.0
1968000.0 0.0 64.0 5798.0
1970000.0 0.0 64.0 5798.0
1972000.0 0.0005 64.0 5798.0
1974000.0 0.0 65.0 5796.0
1976000.0 0.0 65.0 5796.0
1978000.0 0.0 65.0 5796.0
1980000.0 0.0 65.0 5796.0
1982000.0 0.0 65.0 5796.0
1984000.0 0.0 65.0 5796.0
1986000.0 0.0 65.0 5796.0
1988000.0 0.0 65.0 5796.0
1990000.0 0.0 65.0 5802.0
1992000.0 0.0 65.0 5802.0
1994000.0 0.0 65.0 5802.0
1996000.0 0.0 65.0 5784.0
1998000.0 0.0 65.0 5784.0
